Confusion matrix :
[[     0      0      0      0      0      0      0      0      0      0
       0      0      0      0      0      0      0      0      0      0]
 [     0      0      3     17      0      0    254      0      0      0
       0      0      0    111      0      2      0    207      0      0]
 [     0      0    151   3668      0      0   3953      0      0      0
      26      0      1   1650      0    305      0    129     10     98]
 [     0      0      6    861      0      0    343      0      0      0
       3      0      0  32446      0    132      0    437      5      4]
 [     0      0     81      0      0      0    148      0      0      0
      11      0      0  10584      0     37      0      0     11     18]
 [     0      0      0      0      0      0     36      0      0      0
       3      0      0     63      0      4      0      0      1      1]
 [     0      0    315    283      0      0  15717      0      0      0
      75      0      3 379676      0  12021      0    417     95    108]
 [     0      0      0      0      0      0     79      0      0      0
       0      0      0  13604      0    373      0      0      0      0]
 [     0      0      8     12      0      0    397      0      0      0
       1      0      0  19160      0    231      0    353      0     58]
 [     0      0      6      0      0      0      2      0      0      0
       3      0      0    936      0      5      0      0      0      1]
 [     0      0      8      0      0      0    627      0      0      0
     486      0      0   6712      0      7      0     22      4      4]
 [     0      0      1      0      0      0    177      0      0      0
       5      0      0    568      0      7      0     14      5      0]
 [     0      0     21    225      0      0   1406      0      0      0
      24      0      0  50755      0    339      0     49     25      5]
 [     0      0    197    113      0      0   1632      0      0      0
      88      0      2 405389      0   3122      0    239    152    120]
 [     0      0      1    182      0      0   1779      0      0      0
       0      0      0   1705      0     41      0     91      0      0]
 [     0      0     62      0      0      0     17      0      0      0
       2      0      0   1512      0   8656      0      0      8     16]
 [     0      0     51     88      0      0   2342      0      0      0
       8      0      0  13509      0    221      0     44      1     57]
 [     0      0     48     60      0      0   4616      0      0      0
      15      0      0  54260      0    676      0   3557     18     76]
 [     0      0     38      3      0      0    103      0      0      0
       1      0      0   5420      0    212      0    854   2047      8]
 [     0      0     50     10      0      0    323      0      0      0
       2      0      0   5415      0   1857      0      4      1   1381]]---
Accuracy : 40.438%
---
F1 scores :
        Tm2: 0.000
        Bs2: 0.000
        Bw1: 0.027
        De1: 0.043
        Ds1: 0.000
        Dw1Dw2: 0.000
        Fv1: 0.071
        Sv2: 0.000
        Fv2: 0.000
        Fw1: 0.000
        Iw1: 0.113
        NAD: 0.000
        S: 0.000
        Ss1: 0.573
        Sv1: 0.000
        Sw1: 0.449
        Sw2: 0.000
        W: 0.102
        De2: 0.370
---
Kappa: 0.064
